12 25 10 13 31 47 9 1 5 11
34 27 43 25 39 9 46 6 30 19
44 31 12 13 50 13 31 20 38 15
48 9 1 27 38 37 43 44 35 36
1 11 1 34 28 30 34 35 11 11
7 22 37 30 3 36 31 25 30 33
26 10 20 24 32 17 36 45 46 26
35 17 39 42 43 45 26 36 23 22
34 35 45 26 41 46 6 7 36 27
31 46 0 8 46 6 48 1 23 35

26 45 17 11 19 32 1 43 13 20
28 47 44 23 40 4 46 12 9 29
47 36 3 36 50 11 6 50 28 39
36 11 22 50 22 29 16 14 17 6
20 8 29 42 1 13 38 14 16 1
15 0 0 32 49 45 31 19 0 1
9 47 37 29 6 0 5 17 32 43
28 31 40 25 20 8 3 0 33 22
5 39 38 25 34 0 37 28 24 2
40 31 34 23 12 42 38 45 30 10